한사람      34    56    88    96   274   68.50    13
두사람      12    78    75    56   221   55.25    17
세사람      56    66    98    88   308   77.00     9
네사람      99    88    87    66   340   85.00     5
오사람      98    87    95   100   380   95.00     1
한사람      34    56    88    96   274   68.50    13
두사람      12    78    75    56   221   55.25    17
세사람      56    66    98    88   308   77.00     9
네사람      99    88    87    66   340   85.00     5
오사람      98    87    95   100   380   95.00     1
한사람      34    56    88    96   274   68.50    13
두사람      12    78    75    56   221   55.25    17
세사람      56    66    98    88   308   77.00     9
네사람      99    88    87    66   340   85.00     5
오사람      98    87    95   100   380   95.00     1
한사람      34    56    88    96   274   68.50    13
두사람      12    78    75    56   221   55.25    17
세사람      56    66    98    88   308   77.00     9
네사람      99    88    87    66   340   85.00     5
오사람      98    87    95   100   380   95.00     1
